[array([[-2.39790063],
       [-0.01711971],
       [ 2.34895715],
       [ 1.6343405 ],
       [-2.21551631],
       [-1.14099114],
       [-1.01594404],
       [-1.81282083],
       [-0.38674584],
       [ 0.42084849],
       [ 0.26232831],
       [ 1.15546371],
       [-0.70118834],
       [-0.12460045],
       [-2.62910085],
       [ 1.77880813],
       [-0.19104345],
       [ 0.50899033],
       [-1.40693252],
       [ 0.17996396],
       [ 0.0962252 ],
       [-0.37094575],
       [ 1.58448327],
       [-0.86937852],
       [-1.26474776],
       [-0.64191408],
       [-0.25393217],
       [ 0.0546256 ],
       [-0.98570981],
       [-0.52431301],
       [ 0.596283  ],
       [ 0.6233116 ]]), array([[-0.85092678],
       [-1.39891289],
       [-2.50489922],
       [-0.88252683],
       [-0.73850569],
       [-0.42649202],
       [-1.37358044],
       [-1.34140222],
       [-1.292532  ],
       [-1.44005562]])]